
K_gra
0 0 0 00 0 0 00 0 0 01 0 0 02 0 0 12 1 0 11 1 0 11 0 0 10 0 0 10 0 0 1
0 0 0 00 0 0 00 0 0 01 0 0 02 1 0 14 0 0 13 0 0 11 0 0 10 0 0 10 0 0 1
1 0 0 01 0 0 00 0 0 01 0 0 02 0 0 11 1 0 11 0 0 10 0 0 10 0 0 10 0 0 1
0 1 0 11 0 0 00 0 0 00 0 0 01 0 0 01 0 0 11 0 0 10 0 0 10 0 0 10 0 0 1
1 0 0 12 0 0 11 0 0 01 0 0 00 0 0 10 0 0 10 0 0 10 0 0 10 0 0 10 0 0 1
0 0 0 11 0 0 10 1 0 11 0 0 10 0 0 10 0 0 10 0 0 11 0 0 11 0 0 11 0 0 1
0 0 0 11 0 0 11 0 0 11 0 0 11 0 0 11 0 0 12 0 0 12 0 0 11 1 0 11 0 0 1
0 0 0 11 0 0 11 0 0 11 0 0 11 0 0 10 1 0 12 0 0 11 1 0 12 0 0 11 0 0 1
0 0 0 11 0 0 10 1 0 11 0 0 11 0 0 11 0 0 12 0 0 11 0 0 11 0 0 10 0 0 1
0 0 0 11 0 0 11 0 0 11 0 0 10 0 0 10 0 0 10 0 0 10 0 0 10 0 0 10 0 0 1*
